
The rows of the column gives the coefficients of the relations.
For example, if G = Gamma0(6), the relation matrix is

    [ 0  0  1 -1  2 11]
    
so a polynomial relation in weight 4 is given by:

    g1*g3 - g2^2 + 2*g2*g3 + 11*g3^2 = 0

where g1, g2 and g3 are the generators of M(Gamma0(6))

Group: Congruence Subgroup Gamma0(4), Weight: 4 
Relation matrix: 
[]

Group: Congruence Subgroup Gamma0(6), Weight: 4 
Relation matrix: 
[ 0  0  1 -1  2 11]

Group: Congruence Subgroup Gamma0(8), Weight: 4 
Relation matrix: 
[ 0  0  1 -1  0  8]

Group: Congruence Subgroup Gamma0(9), Weight: 4 
Relation matrix: 
[ 0  0  1 -1  0  0]

Group: Congruence Subgroup Gamma0(12), Weight: 4 
Relation matrix: 
[ 0  0  1  0  0 -1  0  0  0  0  0  0  7  0 -6]
[ 0  0  0  1  0  0 -1  0  0  0  0  0  0 11  0]
[ 0  0  0  0  1  0  0  0  0 -1  0  0  2  0  7]
[ 0  0  0  0  0  0  0  1  0 -1  0  0  0  0  4]
[ 0  0  0  0  0  0  0  0  1  0 -1  0  0  2  0]
[ 0  0  0  0  0  0  0  0  0  0  0  1 -1  0  2]

Group: Congruence Subgroup Gamma0(14), Weight: 4 
Relation matrix: 
[  0   0   1   0  -1   0  -6   3  -2 -14]
[  0   0   0   1   0  -1   1   0   3   5]

Group: Congruence Subgroup Gamma0(15), Weight: 4 
Relation matrix: 
[ 0  0  1  0 -1  0 -2  0  0 -1]
[ 0  0  0  1  0 -1  1 -1  4  6]

Group: Congruence Subgroup Gamma0(16), Weight: 4 
Relation matrix: 
[ 0  0  1  0  0 -1  0  0  0  0  0  0  8  0  0]
[ 0  0  0  1  0  0 -1  0  0  0  0  0  0  8  0]
[ 0  0  0  0  1  0  0  0  0 -1  0  0  0  0  8]
[ 0  0  0  0  0  0  0  1  0 -1  0  0  0  0  0]
[ 0  0  0  0  0  0  0  0  1  0 -1  0  0  0  0]
[ 0  0  0  0  0  0  0  0  0  0  0  1 -1  0  0]

Group: Congruence Subgroup Gamma0(18), Weight: 4 
Relation matrix: 
[  0   0   1   0   0   0   0  -1   0   0   0   0   0   0   0   0   0   0   0   0   0   0   9   0   0   0 -16   0]
[  0   0   0   1   0   0   0   0  -1   0   0   0   0   0   0   0   0   0   0   0   0   0   0  10   0   0   0  -8]
[  0   0   0   0   1   0   0   0   0   0   0   0   0  -1   0   0   0   0   0   0   0   0   0   0   0  12   0   0]
[  0   0   0   0   0   1   0   0   0   0   0   0   0   0  -1   0   0   0   0   0   0   0   1   0   0   0  10   0]
[  0   0   0   0   0   0   1   0   0   0   0   0   0   0   0   0   0   0  -1   0   0   0   0   2   0   0   0   9]
[  0   0   0   0   0   0   0   0   0   1   0   0   0  -1   0   0   0   0   0   0   0   0   0   0   0   1   0   0]
[  0   0   0   0   0   0   0   0   0   0   1   0   0   0  -1   0   0   0   0   0   0   0   0   0   0   0   2   0]
[  0   0   0   0   0   0   0   0   0   0   0   1   0   0   0   0   0   0  -1   0   0   0   0   1   0   0   0   1]
[  0   0   0   0   0   0   0   0   0   0   0   0   1   0   0   0   0   0   0  -1   0   0   0   0   0   2   0   0]
[  0   0   0   0   0   0   0   0   0   0   0   0   0   0   0   1   0   0  -1   0   0   0   0   0   0   0   0   1]
[  0   0   0   0   0   0   0   0   0   0   0   0   0   0   0   0   1   0   0  -1   0   0   0   0   0   1   0   0]
[  0   0   0   0   0   0   0   0   0   0   0   0   0   0   0   0   0   1   0   0   0   0  -1   0   0   0   2   0]
[  0   0   0   0   0   0   0   0   0   0   0   0   0   0   0   0   0   0   0   0   1   0  -1   0   0   0   1   0]
[  0   0   0   0   0   0   0   0   0   0   0   0   0   0   0   0   0   0   0   0   0   1   0  -1   0   0   0   1]
[  0   0   0   0   0   0   0   0   0   0   0   0   0   0   0   0   0   0   0   0   0   0   0   0   1  -1   0   0]

Group: Congruence Subgroup Gamma0(20), Weight: 4 
Relation matrix: 
[  0   0   1   0   0   0  -1   0   0   0   0   0   0   0   0  -4   0  12  -2   0   9]
[  0   0   0   1   0   0   0  -1   0   0   0   0   0   0   0   0   3   0   0   0   0]
[  0   0   0   0   1   0   0   0   0   0   0  -1   0   0   0   0   0   0   5   0   0]
[  0   0   0   0   0   1   0   0   0   0   0   0  -1   0   0   0   0   0   0   5   0]
[  0   0   0   0   0   0   0   0   1   0   0  -1   0   0   0   0   0   3   4   0 -10]
[  0   0   0   0   0   0   0   0   0   1   0   0  -1   0   0   0   0   0   0   2   0]
[  0   0   0   0   0   0   0   0   0   0   1   0   0   0   0  -1   0   0   0   0   2]
[  0   0   0   0   0   0   0   0   0   0   0   0   0   1   0  -1   0  -2   2   0  -5]
[  0   0   0   0   0   0   0   0   0   0   0   0   0   0   1   0  -1   0   0   0   0]

Group: Congruence Subgroup Gamma0(22), Weight: 4 
Relation matrix: 
[ 0  0  1  0  0 -1  0  0  4  0 -4  8 -5  4 -2]
[ 0  0  0  1  0  0 -1  0 -2  0  1 -2  2  2  2]
[ 0  0  0  0  1  0  0  0  2 -1 -2  2 -3  0  5]
[ 0  0  0  0  0  0  0  1  2 -1 -2  0 -1  0  0]

Group: Congruence Subgroup Gamma0(24), Weight: 4 
Relation matrix: 
[  0   0   1   0   0   0   0   0  -1   0   0   0   0   0   0   0   0   0   0   0   0   0   0   0   0   0   4   0   0   0   0   0   0  12 -24 -16]
[  0   0   0   1   0   0   0   0   0  -1   0   0   0   0   0   0   0   0   0   0   0   0   0   0   0   0   0  -2   0   0   0  11  -7   0   0   0]
[  0   0   0   0   1   0   0   0   0   0   0   0   0   0   0  -1   0   0   0   0   0   0   0   0   0   0   0   0   0   0   0   0   0   7   0  -6]
[  0   0   0   0   0   1   0   0   0   0   0   0   0   0   0   0  -1   0   0   0   0   0  -1   0   0   0   0   1   0   0   0   2   7   0   0   0]
[  0   0   0   0   0   0   1   0   0   0   0   0   0   0   0   0   0   0   0   0   0  -1   0   0   0   0   0   0   0   0   0   0   0   8   0   0]
[  0   0   0   0   0   0   0   1   0   0   0   0   0   0   0   0   0   0   0   0   0   0   0   0   0   0  -1   0   0   0   0   0   0   2   0   7]
[  0   0   0   0   0   0   0   0   0   0   1   0   0   0   0  -1   0   0   0   0   0   0   0   0   0   0   0   0   0   0  -6   0   0  21 -12   0]
[  0   0   0   0   0   0   0   0   0   0   0   1   0   0   0   0  -1   0   0   0   0   0   0   0   0   0   0   0   0   0   0   2  -4   0   0   0]
[  0   0   0   0   0   0   0   0   0   0   0   0   1   0   0   0   0   0   0   0   0  -1   0   0   0   0  -1   0   0   0   1   0   0   3  -6   4]
[  0   0   0   0   0   0   0   0   0   0   0   0   0   1   0   0   0   0   0   0   0   0  -1   0   0   0   0   0   0   0   0   0   2   0   0   0]
[  0   0   0   0   0   0   0   0   0   0   0   0   0   0   1   0   0   0   0   0   0   0   0   0   0   0   0  -1   0   0   0   1   0   0   0   0]
[  0   0   0   0   0   0   0   0   0   0   0   0   0   0   0   0   0   1   0   0   0  -1   0   0   0   0   0   0   0   0   0   0   0   8 -11   0]
[  0   0   0   0   0   0   0   0   0   0   0   0   0   0   0   0   0   0   1   0   0   0  -1   0   0   0   0  -1   0   0   0   2   0   0   0   0]
[  0   0   0   0   0   0   0   0   0   0   0   0   0   0   0   0   0   0   0   1   0   0   0   0   0   0  -1   0   0   0   0   0   0   0   0   4]
[  0   0   0   0   0   0   0   0   0   0   0   0   0   0   0   0   0   0   0   0   1   0   0   0   0   0   0   0   0   0  -1   0   0   2   1   0]
[  0   0   0   0   0   0   0   0   0   0   0   0   0   0   0   0   0   0   0   0   0   0   0   1   0   0  -1   0   0   0  -1   0   0   3  -6   4]
[  0   0   0   0   0   0   0   0   0   0   0   0   0   0   0   0   0   0   0   0   0   0   0   0   1   0   0  -1   0   0   0   1  -2   0   0   0]
[  0   0   0   0   0   0   0   0   0   0   0   0   0   0   0   0   0   0   0   0   0   0   0   0   0   1   0   0   0   0   0  -1   1   0   0   0]
[  0   0   0   0   0   0   0   0   0   0   0   0   0   0   0   0   0   0   0   0   0   0   0   0   0   0   0   0   1   0  -1   0   0   2  -1   0]
[  0   0   0   0   0   0   0   0   0   0   0   0   0   0   0   0   0   0   0   0   0   0   0   0   0   0   0   0   0   1   0   0   0  -1   0   2]

